# Generated 2019-03-29 18:20:34
# Parameters: |A| = 10, |MaxSubs| = 1, |ms| = 1 with ms in MaxSubs, Arities = [2]
0 1 2 3 4 5 6 7 8 9
f0 2
0 0 0
0 1 5
1 0 5
0 2 0
2 0 0
0 3 0
3 0 0
0 4 9
4 0 9
0 5 0
5 0 0
0 6 1
6 0 1
0 7 9
7 0 9
0 8 7
8 0 7
0 9 9
9 0 9
1 1 1
1 2 8
2 1 8
1 3 1
3 1 1
1 4 2
4 1 2
1 5 3
5 1 3
1 6 3
6 1 3
1 7 9
7 1 9
1 8 0
8 1 0
1 9 6
9 1 6
2 2 5
2 3 1
3 2 1
2 4 8
4 2 8
2 5 9
5 2 9
2 6 6
6 2 6
2 7 6
7 2 6
2 8 9
8 2 9
2 9 7
9 2 7
3 3 0
3 4 5
4 3 5
3 5 3
5 3 3
3 6 7
6 3 7
3 7 9
7 3 9
3 8 9
8 3 9
3 9 6
9 3 6
4 4 4
4 5 4
5 4 4
4 6 8
6 4 8
4 7 8
7 4 8
4 8 7
8 4 7
4 9 7
9 4 7
5 5 8
5 6 2
6 5 2
5 7 5
7 5 5
5 8 4
8 5 4
5 9 0
9 5 0
6 6 2
6 7 8
7 6 8
6 8 9
8 6 9
6 9 1
9 6 1
7 7 9
7 8 2
8 7 2
7 9 3
9 7 3
8 8 2
8 9 9
9 8 9
9 9 6
T0 10 2
0
1
2
3
4
5
6
7
8
9
9

